Fri Feb 07 2020 22:17:05 GMT-0500 (Eastern Standard Time) - Run Time: 3081ms

Cross Tabulation Query Form - Trip - 2016 v1.1

Row: 2006 GTA zone of origin - gta06_orig
Column: 2006 GTA zone of destination - gta06_dest
Table: Planning district of origin - pd_orig

RowG:
ColG:
TblG:(1)

Filters:
Start time of trip - start_time In 1500-1900
and
2006 GTA zone of origin - gta06_orig In 1-90
and
2006 GTA zone of destination - gta06_dest In 1-90

Trip 2016
ROW : gta06_orig
COLUMN : gta06_dest

TABLE    : pd_orig (PD 1 of Toronto)

  gta06_orig  gta06_dest      total
           1           3         31
           1           4         11
           1           5         14
           1          24         29
           1          76         23
           1          78         50
           2          39         18
           2          45         27
           3           1         22
           3           5         15
           3           6         16
           3          17          8
           3          18         25
           3          26          8
           3          32         10
           3          34         14
           3          38          5
           3          84         19
           4           5         27
           4          16         16
           4          17         30
           4          18         19
           4          20         16
           4          21         30
           4          26         19
           4          31          5
           4          52         15
           4          87         63
           5           1         14
           5           3          9
           5           4         17
           5           6         12
           5          14         41
           5          15         11
           5          16         30
           5          17         13
           5          22         43
           5          40          3
           5          46         17
           5          62         15
           5          64         15
           5          66         12
           5          72          5
           5          78         34
           5          89          6
           5          90         20
           6           1          9
           6           4          8
           6           6         22
           6          16         22
           6          17          5
           6          21         45
           6          34         11
           6          37         11
           6          40         16
           6          46         22
           6          50         19
           6          51         32
           6          58         12
           6          62         15
           6          69         24
           6          79         40
           6          80          4
           6          84         16
           6          89         37
           6          90         24
           7          11         12
           7          77         26
           9          10         37
           9          80         18
          10           4         10
          10          55         29
          11          59         47
          11          63         70
          11          90         67
          14           4         65
          14          15         17
          14          17         28
          14          26         17
          14          34         12
          14          37         16
          14          50         31
          14          59         34
          14          69         23
          14          72         24
          14          90         22
          15          10         52
          15          14         14
          15          15          7
          15          17         44
          15          19         13
          15          22         17
          15          25         49
          15          26        110
          15          34         63
          15          36         23
          15          47         20
          15          54         52
          15          57         19
          15          62         13
          15          64         18
          15          71          5
          15          84         23
          15          89         14
          15          90         32
          16           6         25
          16          14         25
          16          15         13
          16          16          9
          16          17         97
          16          19         21
          16          20         12
          16          21         40
          16          22         30
          16          24         67
          16          25        120
          16          31         21
          16          33          5
          16          35         10
          16          40         25
          16          46         18
          16          50         19
          16          55         21
          16          57         32
          16          59          9
          16          65         35
          16          66         55
          16          67         23
          16          71         18
          16          72         31
          16          77         14
          16          78         11
          16          79         25
          16          80         19
          16          84         43
          16          87         12
          16          89         58
          16          90         17
          17           6          5
          17          15         26
          17          16         30
          17          17        135
          17          18        108
          17          20         60
          17          21         63
          17          22         18
          17          23         18
          17          24         58
          17          25        107
          17          26         68
          17          34         10
          17          36         22
          17          37        116
          17          38         46
          17          44         24
          17          45         40
          17          46         16
          17          50         90
          17          52         59
          17          53         16
          17          55         17
          17          60          8
          17          63         15
          17          66         23
          17          67          8
          17          68         44
          17          69         68
          17          70         30
          17          90         22
          18          16         21
          18          17        153
          18          18         15
          18          19        107
          18          21          6
          18          22         78
          18          23         19
          18          24         23
          18          25         56
          18          35         15
          18          36         33
          18          37         15
          18          38        107
          18          43         36
          18          52         52
          18          58         54
          18          59         11
          18          67         15
          18          71         12
          18          82         35
          19          15         13
          19          17         20
          19          18        190
          19          19         73
          19          20         53
          19          21         83
          19          22         20
          19          23          5
          19          26         16
          19          30          4
          19          36          5
          19          37         67
          19          38          7
          19          40         14
          19          52         61
          19          54          3
          19          68         17
          19          70          3
          19          85          5
          19          90         16
          20          15          7
          20          18         14
          20          19         42
          20          20         17
          20          21         40
          20          22         17
          20          23          5
          20          26         19
          20          36         12
          20          38         10
          20          40         10
          20          43         23
          20          45         14
          20          46         12
          20          72          5
          20          73          7
          20          74         33
          21           1         19
          21           6         39
          21          15         92
          21          16         27
          21          17        220
          21          18         15
          21          19         69
          21          20         54
          21          21       1074
          21          22         98
          21          23         12
          21          24         77
          21          25         45
          21          26         49
          21          29         44
          21          34         86
          21          36         56
          21          37         60
          21          38         83
          21          39         57
          21          40        152
          21          41        175
          21          42        151
          21          43         92
          21          44         38
          21          45        100
          21          46        124
          21          47         74
          21          48         46
          21          49         13
          21          50         59
          21          51         48
          21          52         89
          21          53         67
          21          54         15
          21          55         51
          21          56         39
          21          57         78
          21          59        108
          21          60         18
          21          63          9
          21          64         79
          21          65         41
          21          66         61
          21          67          4
          21          68        121
          21          69        156
          21          70         24
          21          71         36
          21          72         91
          21          73         34
          21          77         18
          21          78         30
          21          79         57
          21          82         23
          21          84         60
          21          85         26
          21          89         68
          21          90         43
          22           3         54
          22           4         14
          22          15         14
          22          17         44
          22          18        172
          22          19         77
          22          20          6
          22          21        577
          22          22        165
          22          23         87
          22          24          5
          22          25        133
          22          37         16
          22          38         15
          22          40         41
          22          42         59
          22          45         15
          22          46         28
          22          52         39
          22          54         18
          22          67         20
          22          68          3
          22          69         41
          22          73         16
          22          74          7
          22          75        106
          22          79         72
          22          85         10
          23           4          5
          23          14          7
          23          18         58
          23          19         38
          23          21        188
          23          22         60
          23          23         10
          23          24         70
          23          25         24
          23          26         49
          23          34        114
          23          37         18
          23          38         27
          23          42         20
          23          43         34
          23          46         37
          23          50         59
          23          52         11
          23          53         46
          23          57         13
          23          58          6
          23          71         33
          23          72         31
          23          75          7
          23          76         30
          23          77         18
          23          78         18
          24           1         29
          24          14          5
          24          16         67
          24          17         17
          24          18         21
          24          21         19
          24          23         70
          24          24         13
          24          31          5
          24          34         34
          24          35         10
          24          37         82
          24          40         13
          24          48         67
          24          52         23
          24          55         25
          24          67         61
          24          68         31
          24          79         22
          25           5          5
          25           6         42
          25          14        125
          25          15         86
          25          16        103
          25          17        114
          25          18         22
          25          19         16
          25          20         32
          25          21         78
          25          22         16
          25          23         58
          25          24        214
          25          25        466
          25          26        115
          25          34         77
          25          35         98
          25          36         49
          25          37         68
          25          38        310
          25          39         20
          25          40         79
          25          41         36
          25          42         89
          25          43         19
          25          45         81
          25          46         83
          25          47         24
          25          48         18
          25          50        111
          25          51         28
          25          52        129
          25          53         32
          25          54         43
          25          55         27
          25          56         66
          25          57         48
          25          59         18
          25          61         44
          25          62         44
          25          63          5
          25          64         66
          25          65         24
          25          66        278
          25          67         84
          25          68        118
          25          69         12
          25          71        107
          25          72         34
          25          73         50
          25          75         66
          25          77         85
          25          78         18
          25          79         56
          25          80         67
          25          83          7
          25          84         64
          25          86         33
          25          89         81
          25          90        124
          26           4         19
          26          14         30
          26          15         12
          26          16         43
          26          18         13
          26          20         72
          26          21         15
          26          22        146
          26          24          5
          26          25        119
          26          26        155
          26          27         11
          26          30          5
          26          34        192
          26          35         62
          26          36         29
          26          37         52
          26          38         43
          26          44         35
          26          52         16
          26          54         22
          26          55         19
          26          56         17
          26          60         11
          26          62         17
          26          63         14
          26          64          9
          26          65         26
          26          66          5
          26          67         36
          26          69         19
          26          77         12
          26          78         41
          26          79        163
          26          81         14
          26          84         19
          26          89         14
          26          90         54
          27          26         14
          28          14         12
          28          30         33
          29           9         37
          29          21         39
          29          25         21
          29          31          6
          29          35         39
          29          36         12
          29          37         10
          29          38         19
          29          41         85
          29          58         10
          29          59         71
          29          60         22
          29          62         30
          29          66         37
          29          77         12
          29          78         30
          29          84         17
          29          90         41
          30          19          4
          30          45         18
          30          52         56
          30          55          4
          30          66         25
          30          82         14
          31          15         27
          31          17          5
          31          19         21
          31          23          5
          31          24          5
          31          25         12
          31          32         17
          31          37         19
          31          43         12
          31          59          6
          31          60         35
          31          61         55
          31          62         26
          31          64          9
          31          65         29
          31          79         10
          31          80         40
          31          81          7
          31          84         28
          32          21         10
          32          22         19
          32          38         30
          32          42         18
          32          48         13
          32          52         28
          32          57         22
          32          62         12
          32          64         10
          32          66         38
          32          89         20
          32          90         12
          33          20         15
          33          25         68
          33          34         20
          33          37          7
          33          38         30
          33          39         14
          33          54         18
          33          59         12
          33          60         10
          33          61         22
          33          62         15
          33          64         34
          33          72        123
          33          75          6
          33          76        152
          33          84         15
          33          85          8
          33          89         27
          34           1         21
          34           2         17
          34          15         95
          34          16         40
          34          18         16
          34          21         18
          34          24         68
          34          25         47
          34          26        100
          34          33         20
          34          34         75
          34          35         10
          34          36         21
          34          37         61
          34          38         19
          34          39         53
          34          42         38
          34          45         53
          34          46         28
          34          50         30
          34          52         20
          34          53          4
          34          55         36
          34          56         13
          34          59         33
          34          62         18
          34          65         41
          34          67          5
          34          68         14
          34          77         18
          34          79         22
          34          81         10
          34          84         32
          34          85         16
          35           1         14
          35          14         22
          35          15         32
          35          16         12
          35          20          5
          35          21         36
          35          22         68
          35          24         10
          35          25        245
          35          26         60
          35          31          5
          35          34         67
          35          35         93
          35          36         29
          35          37         10
          35          38         16
          35          39         21
          35          41         22
          35          42          9
          35          43         26
          35          45         19
          35          46         84
          35          48         29
          35          49         23
          35          50         35
          35          51         30
          35          52         24
          35          54         19
          35          55         38
          35          57         16
          35          58         18
          35          60         23
          35          61         40
          35          62         15
          35          63         55
          35          64         54
          35          65         36
          35          66         39
          35          67         15
          35          68         72
          35          69         52
          35          71         73
          35          75         11
          35          76         23
          35          78         18
          35          79        110
          35          81         14
          35          82         17
          35          84         19
          35          86         12
          35          89         20
          35          90         80
          36           1          4
          36          11         33
          36          14         27
          36          15         61
          36          16         22
          36          18          5
          36          20          4
          36          21        252
          36          22        188
          36          23        148
          36          24         24
          36          25        255
          36          26        126
          36          30         22
          36          32         19
          36          34        112
          36          35         79
          36          36        117
          36          37         62
          36          38         69
          36          39         23
          36          40         37
          36          41        149
          36          42         70
          36          43         39
          36          44         15
          36          45         79
          36          46        146
          36          48         14
          36          50         39
          36          51          6
          36          52        189
          36          53         42
          36          54         92
          36          55         42
          36          57         59
          36          59        163
          36          60         78
          36          61         25
          36          62         88
          36          63         44
          36          64        115
          36          65        127
          36          66        138
          36          67        110
          36          68         13
          36          69         42
          36          71         71
          36          72          5
          36          75         96
          36          77         32
          36          78         92
          36          79         65
          36          82         20
          36          84         97
          36          89        102
          36          90        157
          37           1         14
          37          14         18
          37          16         58
          37          17        100
          37          19         29
          37          20         25
          37          21         53
          37          22         84
          37          23          5
          37          24          5
          37          25        162
          37          26         14
          37          31         19
          37          34         88
          37          35         61
          37          36          9
          37          37        140
          37          38         69
          37          40        100
          37          41         14
          37          42        110
          37          45         37
          37          46         43
          37          47         34
          37          48         77
          37          50         66
          37          51         11
          37          52        107
          37          53         53
          37          54         48
          37          55         66
          37          57         12
          37          59         38
          37          60         81
          37          61         34
          37          63         19
          37          64         40
          37          65         69
          37          66        124
          37          67         39
          37          68          4
          37          69         63
          37          71         13
          37          72         21
          37          73         10
          37          74          7
          37          76         23
          37          77        119
          37          79         42
          37          80         41
          37          81         13
          37          84         41
          37          89         42
          37          90        126
          38           1         15
          38          11          6
          38          14          7
          38          15         19
          38          16         17
          38          17        178
          38          18         81
          38          21        119
          38          22        103
          38          23         64
          38          24         28
          38          25        156
          38          26         62
          38          33         38
          38          34        109
          38          35        109
          38          36         71
          38          37         94
          38          38        387
          38          39         67
          38          40        144
          38          41        118
          38          42        147
          38          43        144
          38          44         41
          38          45        136
          38          46        185
          38          47         10
          38          48         25
          38          49         34
          38          50         88
          38          51         14
          38          52        460
          38          53         38
          38          54          9
          38          55         20
          38          56         38
          38          57         28
          38          59          9
          38          61         57
          38          62         21
          38          64         15
          38          65         28
          38          66         76
          38          67        119
          38          68         60
          38          69         42
          38          71         91
          38          72         33
          38          73          7
          38          75        229
          38          76         74
          38          77         74
          38          78         23
          38          79         46
          38          80         30
          38          84         28
          38          89         32
          38          90        108
          39          15         31
          39          19         17
          39          21         30
          39          22         84
          39          23         11
          39          24         47
          39          39         31
          39          40         39
          39          41         16
          39          45         11
          39          47         10
          39          48         11
          39          50         59
          39          63         17
          39          67         15
          39          71         33
          39          76         34
          39          79         81
          40           2         30
          40          15         13
          40          16         87
          40          17         50
          40          18         82
          40          19         14
          40          21        189
          40          22         31
          40          23         55
          40          24        134
          40          25         38
          40          26         12
          40          35         30
          40          36         39
          40          37         65
          40          38        162
          40          39         42
          40          40        118
          40          41        148
          40          42        133
          40          43         13
          40          46         79
          40          48         30
          40          49         38
          40          50         13
          40          52         26
          40          55          4
          40          62         37
          40          64         21
          40          65         30
          40          68         11
          40          69         19
          40          70         13
          40          71        110
          40          75         27
          40          77         11
          40          79         62
          40          84         19
          40          88         30
          40          89         27
          41          15         14
          41          17         10
          41          19         19
          41          21         72
          41          22         77
          41          25         24
          41          26         23
          41          34         25
          41          35         18
          41          36         21
          41          38         34
          41          39         16
          41          40         39
          41          42         82
          41          45         17
          41          46         23
          41          47         11
          41          52         70
          41          55         26
          41          60         14
          41          62          6
          41          63         17
          41          66         46
          41          69        122
          41          71         36
          41          74          7
          41          75         10
          41          79         18
          41          84         17
          41          90         23
          42           4         39
          42          15         84
          42          17         30
          42          19         14
          42          20          6
          42          21        127
          42          22         56
          42          25         31
          42          35         12
          42          36         22
          42          37         21
          42          38         77
          42          39         12
          42          40         49
          42          41         20
          42          42        126
          42          43         69
          42          45         60
          42          46         91
          42          50          9
          42          52         61
          42          53         14
          42          59         13
          42          62          8
          42          64         36
          42          65         66
          42          66         24
          42          68          5
          42          71         61
          42          72         19
          42          73         85
          42          76        146
          42          79         24
          42          84         39
          42          86         16
          42          90         81
          43          11         29
          43          15         54
          43          16          6
          43          17         26
          43          18         34
          43          19         13
          43          20         28
          43          21        187
          43          22        103
          43          25         31
          43          26         12
          43          30         22
          43          36         29
          43          37         27
          43          38         70
          43          39         19
          43          40         49
          43          41        192
          43          42        115
          43          43        210
          43          44         47
          43          45        115
          43          46         55
          43          47         39
          43          48         16
          43          49         18
          43          50         59
          43          51          8
          43          52         66
          43          53         18
          43          54         17
          43          55         19
          43          57         19
          43          59         51
          43          60         47
          43          61         41
          43          62         34
          43          63         16
          43          64         27
          43          65         46
          43          66         63
          43          67         45
          43          68          6
          43          69         44
          43          70         61
          43          71         61
          43          72        142
          43          73         10
          43          74         23
          43          77         15
          43          78         10
          43          79        101
          43          82         34
          43          84         23
          43          89        103
          43          90        155
          44          10        121
          44          16         12
          44          17         14
          44          20         36
          44          21        111
          44          25         41
          44          26         35
          44          34         21
          44          36         10
          44          38         30
          44          41         30
          44          44         22
          44          45         38
          44          46         52
          44          48         73
          44          50         16
          44          52         38
          44          55         12
          44          64         65
          44          67         13
          44          68         35
          44          71        125
          44          72         71
          44          73         32
          44          77         60
          45          15         18
          45          17         19
          45          18         46
          45          19          5
          45          20         25
          45          21        238
          45          22         68
          45          24         47
          45          25        111
          45          26         25
          45          30         18
          45          35         65
          45          36        116
          45          37         15
          45          38         23
          45          39         54
          45          41        175
          45          42         98
          45          43        188
          45          44        104
          45          45        368
          45          46        254
          45          47         66
          45          48         96
          45          50        100
          45          52        329
          45          54         22
          45          55        101
          45          56         32
          45          57         14
          45          60         45
          45          61         26
          45          64         44
          45          65         55
          45          66         65
          45          67        234
          45          68         43
          45          70         21
          45          71        181
          45          72         71
          45          74          7
          45          75        226
          45          76         42
          45          77         44
          45          78          6
          45          79         26
          45          80          4
          45          81         63
          45          82          4
          45          84         47
          45          89        157
          45          90         42
          46          17         19
          46          19          4
          46          20          7
          46          21         74
          46          22        103
          46          25          6
          46          34         13
          46          35         24
          46          37         27
          46          38         92
          46          39         24
          46          40         53
          46          41        105
          46          42        109
          46          43         61
          46          44         96
          46          45        145
          46          46        210
          46          48         67
          46          49         37
          46          50        106
          46          53         44
          46          54          8
          46          57         37
          46          59         15
          46          61         22
          46          64         44
          46          66         40
          46          67         37
          46          68         18
          46          69        129
          46          70          8
          46          71        221
          46          72          5
          46          73         85
          46          75         88
          46          78         18
          46          80          4
          46          85         24
          46          89         60
          46          90         67
          47          11         34
          47          15         33
          47          17         14
          47          19         86
          47          21        115
          47          22         45
          47          23          5
          47          25         39
          47          26          9
          47          34         32
          47          38         52
          47          39         16
          47          40         31
          47          41         12
          47          42         31
          47          44         14
          47          45         18
          47          46        103
          47          47         31
          47          48         13
          47          50         13
          47          52         24
          47          55         24
          47          57         34
          47          59         15
          47          60         23
          47          61         38
          47          63         21
          47          65         22
          47          66         30
          47          67         51
          47          69         76
          47          70         22
          47          71         39
          47          72         23
          47          74         16
          47          75         73
          47          78         29
          47          79         18
          47          82         10
          47          84         35
          47          89         14
          47          90         36
          48          17         36
          48          18         20
          48          19         29
          48          21         85
          48          22         18
          48          34         22
          48          35         12
          48          37         21
          48          38        113
          48          40        104
          48          41         45
          48          43         14
          48          46         87
          48          47         25
          48          48         52
          48          49         44
          48          50         41
          48          51         33
          48          52        165
          48          53          5
          48          57         15
          48          65         25
          48          66         14
          48          67         34
          48          69         71
          48          71        129
          48          72         20
          48          74          6
          48          75         25
          48          79         22
          48          84          6
          48          90         47
          49           1          6
          49          15         55
          49          17         61
          49          18         32
          49          21         91
          49          22         60
          49          24        107
          49          34         10
          49          35          5
          49          36         35
          49          37         57
          49          38         53
          49          39         43
          49          42         30
          49          43         86
          49          45         34
          49          46        108
          49          47         67
          49          48         63
          49          49         31
          49          50        162
          49          51         66
          49          53         39
          49          55         11
          49          57         63
          49          58         11
          49          59         10
          49          60         23
          49          62         37
          49          63         51
          49          64         79
          49          65         50
          49          66        100
          49          67         52
          49          68         79
          49          70         28
          49          71        149
          49          72        149
          49          74         57
          49          75         42
          49          76         14
          49          77        103
          49          79         76
          49          84         45
          49          85         12
          49          89         81
          49          90        134
          50          10         28
          50          15         51
          50          17        170
          50          19         11
          50          20         10
          50          21        156
          50          22         42
          50          23          5
          50          24         59
          50          25        100
          50          26         12
          50          30         21
          50          34         64
          50          35          5
          50          36         48
          50          37         31
          50          38         78
          50          39         29
          50          40         76
          50          41         55
          50          42         79
          50          43         32
          50          45        212
          50          46        127
          50          48         83
          50          50        268
          50          51        134
          50          52         48
          50          53         24
          50          54         22
          50          55         18
          50          57         34
          50          59         19
          50          62         50
          50          63         57
          50          64         36
          50          65          4
          50          66         87
          50          67         89
          50          68         96
          50          69         43
          50          70         33
          50          71         18
          50          72         30
          50          75         50
          50          77         87
          50          78         23
          50          79         55
          50          89         88
          50          90         19
          51          11         63
          51          15         63
          51          16         33
          51          17         22
          51          18         67
          51          19         34
          51          20          3
          51          21        228
          51          22         40
          51          25         89
          51          26         19
          51          30         18
          51          34         25
          51          35         54
          51          36         75
          51          37         74
          51          38        271
          51          39         99
          51          40         11
          51          41         47
          51          42        157
          51          43         61
          51          44         72
          51          45        113
          51          46        108
          51          48         85
          51          49        109
          51          50        357
          51          51        170
          51          52         93
          51          53        175
          51          55         63
          51          57         30
          51          58         41
          51          59         97
          51          60         65
          51          61         19
          51          62         58
          51          63         27
          51          64        106
          51          65         69
          51          66        136
          51          67        337
          51          68        135
          51          69        199
          51          71         35
          51          72         97
          51          74          7
          51          75        112
          51          76         16
          51          77         42
          51          78         14
          51          79         46
          51          80         22
          51          84         77
          51          89         63
          51          90         66
          52           3         24
          52           7         17
          52          14         19
          52          15         46
          52          16         12
          52          17         32
          52          18         68
          52          19         13
          52          20         11
          52          21        273
          52          22        101
          52          23        103
          52          24         21
          52          25        180
          52          26        132
          52          28         40
          52          31         35
          52          34         79
          52          35         22
          52          36         64
          52          37        207
          52          38        229
          52          40        184
          52          41         95
          52          42         56
          52          43         76
          52          44         36
          52          45        358
          52          46        168
          52          47          7
          52          48         41
          52          50        216
          52          51         61
          52          52         27
          52          53         88
          52          55         19
          52          57        115
          52          59         37
          52          60        161
          52          61         73
          52          62         29
          52          63         84
          52          64        146
          52          65        162
          52          66        229
          52          67         38
          52          68         82
          52          70         87
          52          71        142
          52          72         59
          52          73         37
          52          75         24
          52          76         30
          52          77        182
          52          78         99
          52          79        164
          52          80         11
          52          82          8
          52          84        176
          52          89        157
          52          90        254
          53           1         14
          53           3         37
          53          17         31
          53          18         31
          53          19          9
          53          21        159
          53          22          3
          53          23         46
          53          24         19
          53          25         39
          53          26         39
          53          34         26
          53          37         59
          53          38         14
          53          39         23
          53          40         11
          53          42         10
          53          45         25
          53          46         38
          53          48          5
          53          50         79
          53          51         22
          53          52        171
          53          53        100
          53          54         18
          53          55         56
          53          56         12
          53          57         18
          53          60         30
          53          61         16
          53          63         41
          53          64         46
          53          66         82
          53          67        126
          53          68         39
          53          69          7
          53          70         29
          53          71         81
          53          72        118
          53          73         14
          53          74         66
          53          75         46
          53          77        115
          53          78         14
          53          79        109
          53          82         35
          53          84         23
          53          89         43
          53          90         93
          54          15         13
          54          16         54
          54          17         16
          54          18         28
          54          19         28
          54          21        113
          54          22         49
          54          23          5
          54          25        174
          54          26         23
          54          30         22
          54          31         14
          54          32         13
          54          34        138
          54          35         12
          54          36        295
          54          37         45
          54          38         13
          54          39         16
          54          40         77
          54          41        174
          54          42         20
          54          43         49
          54          44         11
          54          45         71
          54          46        146
          54          47         33
          54          50        244
          54          51         32
          54          52        146
          54          53        122
          54          55        191
          54          56          8
          54          57         32
          54          58        117
          54          59         81
          54          60        143
          54          61         71
          54          62        140
          54          63        138
          54          64        105
          54          65        178
          54          66        243
          54          67        128
          54          68         12
          54          69        137
          54          71         27
          54          73          6
          54          74          7
          54          75         16
          54          76         51
          54          77         54
          54          78         72
          54          79         77
          54          82         41
          54          84         18
          54          89        246
          54          90        116
          55           1         47
          55           3         30
          55           6         14
          55          14         31
          55          15         10
          55          16         88
          55          17         76
          55          18         39
          55          19         25
          55          20         48
          55          21        147
          55          22         72
          55          24         96
          55          25        368
          55          26         51
          55          30         66
          55          34        331
          55          35         83
          55          36        254
          55          37        243
          55          38        167
          55          39         34
          55          40         45
          55          41         24
          55          42         72
          55          43        152
          55          44         70
          55          45        115
          55          46         96
          55          47         61
          55          48         29
          55          49          5
          55          50        227
          55          51         52
          55          52        137
          55          53         36
          55          54         67
          55          55        161
          55          56         39
          55          57        239
          55          59        121
          55          60        157
          55          61         66
          55          62        117
          55          63         68
          55          64        342
          55          65        393
          55          66        458
          55          67        216
          55          68         25
          55          69        153
          55          70        288
          55          71        150
          55          72        140
          55          73         55
          55          75         54
          55          76         18
          55          77        226
          55          78        121
          55          79        195
          55          80         66
          55          81         13
          55          82         46
          55          84        162
          55          89        217
          55          90        249
          56           1         15
          56          15         43
          56          17         28
          56          18         36
          56          21         42
          56          22         51
          56          23         37
          56          24         17
          56          25        168
          56          26         49
          56          30         31
          56          34        139
          56          36         63
          56          38         72
          56          39         29
          56          40         82
          56          41         85
          56          42         41
          56          43         75
          56          44         17
          56          45         80
          56          46         69
          56          47         10
          56          48         46
          56          50         68
          56          52         66
          56          54         30
          56          55         88
          56          57        117
          56          59         77
          56          60         81
          56          61         54
          56          62        192
          56          63         89
          56          64        141
          56          65        169
          56          66        134
          56          67         55
          56          68         25
          56          69         61
          56          70         83
          56          71         14
          56          72         42
          56          73          5
          56          74         49
          56          75          6
          56          77        123
          56          78         23
          56          79        135
          56          80         21
          56          81         49
          56          82         16
          56          84         73
          56          85         10
          56          89         67
          56          90        117
          57           1         58
          57          14         22
          57          15        135
          57          16         19
          57          17         77
          57          18         64
          57          20         63
          57          21        204
          57          22        119
          57          23         32
          57          24         36
          57          25        299
          57          26        102
          57          30         96
          57          31         26
          57          34        121
          57          35        127
          57          36         72
          57          37         66
          57          38        119
          57          40        140
          57          41         85
          57          42        138
          57          43         77
          57          44         68
          57          45        144
          57          46         86
          57          47         26
          57          50        159
          57          51          9
          57          52        331
          57          53        101
          57          54         57
          57          55        208
          57          56         85
          57          57        161
          57          58         34
          57          59         57
          57          60        265
          57          61        162
          57          62        159
          57          63        245
          57          64        381
          57          65        298
          57          66        330
          57          67        106
          57          68         41
          57          69         38
          57          70         27
          57          71        182
          57          72        178
          57          73         31
          57          74         65
          57          75         45
          57          76          7
          57          77        260
          57          78         58
          57          79        216
          57          80         43
          57          82          4
          57          83         37
          57          84        143
          57          86         11
          57          89        383
          57          90        240
          58          17         11
          58          21         31
          58          22         18
          58          34         38
          58          36         13
          58          38         16
          58          40         27
          58          43         64
          58          44          8
          58          48         18
          58          52         18
          58          60         10
          58          63         12
          58          64          8
          58          65         18
          58          67         96
          58          77          6
          58          80         14
          58          89         18
          58          90         23
          59           1         30
          59          15         14
          59          17         12
          59          18         11
          59          25         33
          59          26         14
          59          34         14
          59          35         12
          59          36         83
          59          37         28
          59          38         17
          59          41         20
          59          42         77
          59          43         28
          59          50         19
          59          52         61
          59          53         19
          59          54         36
          59          57         23
          59          59         29
          59          60         11
          59          62         21
          59          63         44
          59          64         79
          59          65         46
          59          66         28
          59          69          6
          59          72         23
          59          77         33
          59          79         28
          59          81          7
          59          84        100
          59          89         27
          59          90         21
          60           5         12
          60           6         50
          60          14         18
          60          15         11
          60          16         21
          60          17          5
          60          18         54
          60          20         38
          60          21         32
          60          22         39
          60          25         87
          60          30         48
          60          34         14
          60          35         46
          60          36         28
          60          37         42
          60          38         28
          60          40         38
          60          41         38
          60          42         89
          60          43         36
          60          44         63
          60          45         83
          60          46         79
          60          50         30
          60          52         19
          60          54         56
          60          55         27
          60          57         33
          60          59         22
          60          60         84
          60          61         47
          60          62         89
          60          63         21
          60          64         54
          60          65         65
          60          66         36
          60          68         14
          60          69         27
          60          71         27
          60          74         11
          60          77         64
          60          78         29
          60          79         22
          60          80         42
          60          81         15
          60          84         61
          60          89        136
          60          90         32
          61          31         12
          61          37         12
          61          50          7
          61          51         25
          61          55          9
          61          56         12
          61          60        120
          61          61        217
          61          62         95
          61          63         23
          61          71         33
          61          84         40
          62           3         10
          62           9         15
          62          21         28
          62          22         28
          62          25         42
          62          26         20
          62          34         15
          62          35         15
          62          36         27
          62          37         28
          62          39          5
          62          42         56
          62          43         16
          62          49         32
          62          51         15
          62          52         69
          62          54         17
          62          55         92
          62          56         11
          62          58         19
          62          60         23
          62          61         92
          62          62         41
          62          63         11
          62          64         82
          62          65         29
          62          66         25
          62          67         24
          62          69         19
          62          73         10
          62          77         93
          62          78         13
          62          79         15
          62          80         21
          62          84         19
          62          87         24
          62          89         51
          62          90         48
          63          15         40
          63          16         12
          63          22         25
          63          23        111
          63          24         17
          63          25         74
          63          26         33
          63          29         11
          63          30         57
          63          31         24
          63          34         17
          63          36         13
          63          37         15
          63          38         79
          63          39         14
          63          41         46
          63          42         11
          63          43         30
          63          46         17
          63          47         71
          63          48        101
          63          50         58
          63          51         47
          63          52         62
          63          53         28
          63          54         25
          63          55         61
          63          57         74
          63          59         63
          63          60        124
          63          61         35
          63          62         33
          63          63         38
          63          64         93
          63          65         93
          63          66         74
          63          67         81
          63          69         16
          63          70         42
          63          71         33
          63          72         70
          63          73         19
          63          76         13
          63          77         35
          63          78         30
          63          79        157
          63          80          8
          63          82         19
          63          84         70
          63          89        104
          63          90         63
          64          15         18
          64          16          3
          64          22         12
          64          25         12
          64          35          6
          64          36         12
          64          37         22
          64          38         78
          64          50         33
          64          55         53
          64          57         63
          64          59         18
          64          61         23
          64          62         33
          64          63         54
          64          64         29
          64          65         47
          64          67         29
          64          68         26
          64          72         19
          64          73         28
          64          76         22
          64          77         16
          64          78         24
          64          79         45
          64          89         23
          64          90         32
          65           1         15
          65           4          6
          65           6         13
          65          11         27
          65          15         42
          65          16         49
          65          17         18
          65          19          5
          65          20         23
          65          21        250
          65          22         47
          65          23         66
          65          25        138
          65          26         66
          65          28         33
          65          31         46
          65          34        131
          65          35         12
          65          36         28
          65          37         49
          65          38         81
          65          39         35
          65          40         39
          65          41         99
          65          42        170
          65          43         87
          65          44         88
          65          45        133
          65          46         51
          65          48         27
          65          49         62
          65          50         35
          65          52        169
          65          53         21
          65          55         95
          65          56         75
          65          58         30
          65          59         11
          65          60         55
          65          61         51
          65          62         50
          65          63        111
          65          64        159
          65          65        418
          65          66        219
          65          67        127
          65          69        202
          65          70          4
          65          71         43
          65          72         54
          65          73         84
          65          74          7
          65          75         91
          65          76         50
          65          77        226
          65          78        204
          65          79        271
          65          80         42
          65          82          4
          65          84        207
          65          89        109
          65          90        326
          66           2         33
          66           4         13
          66           5         15
          66          14         50
          66          15         95
          66          16         35
          66          17        137
          66          19          3
          66          20          4
          66          21        159
          66          22         58
          66          23          5
          66          24         13
          66          25        306
          66          26         33
          66          34         54
          66          35         44
          66          36         60
          66          37         42
          66          38        112
          66          39         11
          66          40         64
          66          41         37
          66          42         71
          66          43         79
          66          45         40
          66          46         62
          66          47         23
          66          48         22
          66          51         22
          66          52        119
          66          53         43
          66          55         87
          66          56         21
          66          57         68
          66          58         71
          66          59         38
          66          60         81
          66          62         36
          66          63         58
          66          64        157
          66          65        387
          66          66        431
          66          67        313
          66          68        114
          66          69         63
          66          70         16
          66          71        138
          66          72         35
          66          73          5
          66          74         16
          66          75        137
          66          76        152
          66          77        290
          66          78        114
          66          79        107
          66          80         70
          66          81         44
          66          82         20
          66          84        109
          66          85          8
          66          89        338
          66          90        202
          67           3         11
          67          15         37
          67          16         39
          67          17         31
          67          18         80
          67          19          4
          67          20         52
          67          21        143
          67          22         75
          67          23         55
          67          24        100
          67          25        235
          67          26         14
          67          33         11
          67          34         26
          67          36         73
          67          37         51
          67          38        151
          67          39         14
          67          40         46
          67          42         18
          67          43         31
          67          44         48
          67          45         33
          67          46         77
          67          47         40
          67          48         35
          67          50         25
          67          51        189
          67          52        259
          67          53         89
          67          54         71
          67          55        108
          67          56         20
          67          57        120
          67          58          8
          67          61          7
          67          62         15
          67          63         29
          67          64         33
          67          65         70
          67          66        214
          67          67        472
          67          68         82
          67          69         60
          67          71        116
          67          72         80
          67          74         17
          67          75         64
          67          76         87
          67          77        204
          67          78        110
          67          79        291
          67          80         18
          67          81         14
          67          84         72
          67          89        195
          67          90        137
          68           1         14
          68           4         50
          68          15         26
          68          16         17
          68          17        105
          68          18         44
          68          19          3
          68          20          3
          68          21        261
          68          22        155
          68          24         57
          68          25         66
          68          26         53
          68          29         18
          68          30         22
          68          34         88
          68          35         20
          68          36         12
          68          37         34
          68          38        153
          68          39         10
          68          40        141
          68          41         37
          68          42         99
          68          44         68
          68          45         63
          68          46        139
          68          48         30
          68          49         22
          68          50        215
          68          51        110
          68          52        225
          68          53        118
          68          55         16
          68          56          7
          68          57         39
          68          59          5
          68          60         49
          68          61        116
          68          62         31
          68          63         15
          68          64         56
          68          65         22
          68          66        112
          68          67        151
          68          68        213
          68          69         61
          68          70        107
          68          71         76
          68          72         55
          68          73          4
          68          74         53
          68          75         92
          68          76          7
          68          77         18
          68          78         60
          68          79         90
          68          80         39
          68          81         15
          68          82          4
          68          84         29
          68          89         92
          68          90        192
          69           1         11
          69          10         29
          69          11         48
          69          14         23
          69          15         16
          69          17        134
          69          18         10
          69          19         23
          69          21        276
          69          22        192
          69          24          6
          69          25         53
          69          26         55
          69          34         51
          69          35         24
          69          36         13
          69          37        119
          69          38        292
          69          40        165
          69          41        237
          69          42        362
          69          43        108
          69          44         76
          69          45        170
          69          46        999
          69          47        515
          69          48        397
          69          49         81
          69          50        557
          69          51        435
          69          52        410
          69          53        136
          69          54         83
          69          55         64
          69          57         36
          69          59         12
          69          60         16
          69          61         56
          69          62        112
          69          64        125
          69          65        112
          69          66        305
          69          67        275
          69          68        435
          69          69        426
          69          70        347
          69          71        382
          69          72        543
          69          73        251
          69          74        240
          69          75        181
          69          76        325
          69          77        141
          69          78          6
          69          79        285
          69          82         36
          69          89          9
          69          90        114
          70          11         12
          70          16         44
          70          20          5
          70          21        184
          70          22         49
          70          25         46
          70          34         45
          70          36         10
          70          37         40
          70          38         28
          70          40         28
          70          41         36
          70          42        133
          70          43         14
          70          44        105
          70          45         11
          70          46        183
          70          47         87
          70          48         24
          70          49         37
          70          51         79
          70          52         41
          70          54          8
          70          55        157
          70          56         28
          70          59         12
          70          61         16
          70          63         22
          70          64          3
          70          65          5
          70          66         26
          70          67         18
          70          68         16
          70          70        100
          70          71        181
          70          72        206
          70          73        162
          70          74         75
          70          75         33
          70          77         71
          70          81          8
          70          82         14
          70          85         15
          70          90         35
          71           4          9
          71          13          5
          71          16         21
          71          17         31
          71          20          7
          71          21         35
          71          22         49
          71          24         29
          71          25         19
          71          26         19
          71          34         18
          71          37         38
          71          38         49
          71          39         35
          71          42         51
          71          43        163
          71          44         24
          71          45        146
          71          46         95
          71          47         60
          71          48         61
          71          50          6
          71          51         61
          71          52         10
          71          53         22
          71          54         10
          71          55         72
          71          57         22
          71          62         17
          71          65         46
          71          66         48
          71          67         35
          71          68          5
          71          69        227
          71          70         72
          71          71        470
          71          72        270
          71          73         88
          71          74         30
          71          75         41
          71          76         15
          71          77         18
          71          78         45
          71          85         10
          71          89         76
          71          90          4
          72          17         27
          72          22         42
          72          34          6
          72          36         10
          72          42          9
          72          45         33
          72          46         15
          72          53         13
          72          55          5
          72          57         31
          72          59         25
          72          66         19
          72          67         43
          72          68          4
          72          69         48
          72          70         19
          72          71        129
          72          72        418
          72          73        145
          72          75         19
          72          76         22
          72          77         44
          72          84         37
          72          89         20
          72          90        257
          73          17         10
          73          21         78
          73          22          3
          73          35          7
          73          44         34
          73          45         10
          73          46         28
          73          57          8
          73          62         28
          73          67         27
          73          68         37
          73          69         18
          73          70         57
          73          71        134
          73          72        125
          73          73         93
          73          74         33
          73          75         71
          73          77         37
          73          78         28
          73          85         67
          73          90         18
          74          21         84
          74          22         10
          74          25         22
          74          38         19
          74          40         20
          74          44         35
          74          51         21
          74          53         22
          74          61         49
          74          64          7
          74          67         15
          74          68         58
          74          69        163
          74          70         58
          74          72         54
          74          73         85
          74          74         30
          74          75         14
          74          84         27
          74          90         51
          75          14         12
          75          19         14
          75          21         26
          75          22         12
          75          25         39
          75          26         36
          75          34         18
          75          35         44
          75          36          9
          75          37         94
          75          38         39
          75          40         58
          75          41         16
          75          43         11
          75          45         30
          75          46         22
          75          48         18
          75          50         23
          75          51         55
          75          53         28
          75          59         27
          75          60         21
          75          62         17
          75          64         12
          75          65         27
          75          66         35
          75          67         47
          75          68        161
          75          69         50
          75          70         46
          75          71         42
          75          72         33
          75          73         53
          75          74        118
          75          75         94
          75          76         83
          75          77         60
          75          78         18
          75          79        191
          75          80         21
          75          82          8
          75          84         28
          75          90        134
          76           1         23
          76          22          6
          76          24          7
          76          25         35
          76          26         22
          76          35         23
          76          36         43
          76          37         51
          76          38         90
          76          41         20
          76          43         12
          76          48         12
          76          51          7
          76          52         54
          76          57          8
          76          60          7
          76          62         24
          76          63         13
          76          64         27
          76          65         12
          76          66         26
          76          67         37
          76          68         36
          76          69         23
          76          70         23
          76          74          5
          76          75        413
          76          76        296
          76          77        136
          76          78          5
          76          79        133
          76          80          4
          76          82         10
          76          84          5
          76          89         64
          76          90         94
          77           1         20
          77           5         12
          77           7         26
          77          15         12
          77          16          7
          77          17         77
          77          18         15
          77          19          6
          77          21         70
          77          22         28
          77          24         21
          77          25         50
          77          26         41
          77          30         12
          77          31         12
          77          34         69
          77          35         15
          77          36         95
          77          37         66
          77          38         93
          77          40         41
          77          41         94
          77          42         37
          77          43        204
          77          45         11
          77          46         37
          77          48         33
          77          50         28
          77          51        129
          77          52        125
          77          53         20
          77          55        106
          77          59         33
          77          61         19
          77          62         13
          77          63         55
          77          64         87
          77          65        210
          77          66        303
          77          67         90
          77          68         69
          77          69         16
          77          70         22
          77          71        188
          77          72         60
          77          73         61
          77          74        171
          77          75         46
          77          76         90
          77          77        259
          77          78         89
          77          79        226
          77          84        117
          77          85         18
          77          89        147
          77          90        368
          78           5          8
          78          15         20
          78          16         34
          78          17         72
          78          20         14
          78          21         17
          78          22         18
          78          23         22
          78          24         43
          78          25         31
          78          26         14
          78          33          7
          78          35         29
          78          36         95
          78          37         29
          78          38         43
          78          40         66
          78          42         40
          78          44         19
          78          45          6
          78          46         37
          78          51         19
          78          52         15
          78          55         25
          78          56         71
          78          57         16
          78          58         28
          78          59          3
          78          60         14
          78          62         53
          78          64        106
          78          65        124
          78          66        106
          78          67        171
          78          68         32
          78          71         29
          78          75         16
          78          76         34
          78          77         33
          78          78         29
          78          79        121
          78          81         15
          78          82          4
          78          84         23
          78          89         85
          78          90        173
          79          22         22
          79          38         18
          79          45         44
          79          46         13
          79          50         12
          79          52         28
          79          57         17
          79          64         12
          79          65         14
          79          66         66
          79          67        125
          79          69         18
          79          70         16
          79          75        112
          79          76         84
          79          77         14
          79          79        116
          79          81          8
          79          84        134
          80          10         14
          80          25         40
          80          31         18
          80          39         17
          80          41          4
          80          51          9
          80          52         24
          80          62         64
          80          64         24
          80          65         22
          80          66          7
          80          71          8
          80          76         23
          80          77         34
          80          79         46
          80          80         17
          80          82         48
          80          84        104
          80          90         91
          81          16         10
          81          26         12
          81          34         25
          81          41         13
          81          55          6
          81          57         32
          81          66         43
          81          75         14
          81          76          7
          81          78         30
          81          81         25
          81          84         22
          81          89          4
          82          45         23
          82          46         22
          82          61         19
          82          74         62
          82          79         22
          82          84          4
          82          89          4
          83          25          7
          83          75         19
          83          90         22
          84          15         17
          84          17          5
          84          21         74
          84          36         17
          84          40         10
          84          43         17
          84          52          5
          84          61         21
          84          63         12
          84          66         45
          84          67         38
          84          72         37
          84          76          4
          84          77         22
          84          80         41
          84          89         39
          84          90          4
          85          18         18
          85          42         23
          85          64         22
          85          65         21
          85          66         42
          85          69         10
          85          72         19
          85          80         36
          85          90         19
          86          35         12
          86          72         31
          88          24         23
          88          50         13
          88          84          8
          89           6          4
          89          11          5
          89          22         78
          89          25         35
          89          26         17
          89          31         16
          89          38         21
          89          40         16
          89          42         12
          89          43         43
          89          46         22
          89          52         42
          89          54         18
          89          57         20
          89          59         20
          89          62         18
          89          63         32
          89          64         31
          89          65         18
          89          66         58
          89          70         29
          89          71         36
          89          72         31
          89          73          4
          89          75         14
          89          77         14
          89          78         58
          89          79         36
          89          82         14
          89          84         79
          89          85         41
          89          89        472
          89          90        178
          90           3         13
          90          11         67
          90          15         46
          90          16         34
          90          21        134
          90          23          5
          90          25         12
          90          26         51
          90          30         23
          90          31         22
          90          34         18
          90          35         17
          90          36          4
          90          37         39
          90          38         52
          90          39         11
          90          40         37
          90          41         14
          90          42         32
          90          47         42
          90          50         27
          90          51         12
          90          52        165
          90          55         22
          90          57         35
          90          59         78
          90          61         22
          90          62         36
          90          63         20
          90          64         23
          90          65         33
          90          66         57
          90          67         86
          90          68         75
          90          69         22
          90          70         22
          90          72         22
          90          73         40
          90          74          7
          90          75         36
          90          76         27
          90          77        105
          90          78         95
          90          79         62
          90          80         42
          90          82          8
          90          83         22
          90          84         40
          90          85          4
          90          86         51
          90          87         21
          90          89        270
          90          90        710
